20505
20505
20518
20537
20529
20573
20538
20491
20448
20493
20505
20537
20457
20475
20467
20515
20502
20445
20498
20537
20474
20538
20532
20535
20507
20498
20540
20505
20499
20500
20496
20525
20507
20510
20530
20495
20533
20553
20495
20515
20551
20499
20534
20492
20511
20497
20424
20451
20513
20434
20491
20518
20499
20529
20457
20529
20468
20512
20544
20507
20588
20523
20522
20485
20519
20481
20464
20515
20479
20508
20518
20476
20548
20521
20468
20561
20504
20487
20508
20465
20489
20462
20444
20447
20477
20483
20414
20462
20520
20551
20573
20581
20484
20483
20522
20507
20500
20510
20482
20449
20565
20517
20480
20521
20555
20555
20506
20477
20519
20539
20544
20516
20565
20559
20625
20557
20585
20532
20599
20561
20557
20554
20536
20528
20559
20500
20507
20523
20484
20521
20577
20522
20586
20533
20613
20499
20482
20485
20518
20571
20505
20529
20543
20502
20586
20565
20510
20519
20548
20531
20502
20507
20520
20533
20543
20607
20536
20532
20514
20516
20577
20544
20470
20533
20557
20527
20554
20520
20553
20550
20583
20564
20564
20591
20612
20547
20550
20561
20561
20545
20530
20555
20552
20532
20567
20520
20552
20474
20511
20524
20582
20561
20543
20537
20508
20557
20660
20557
20562
20572
20476
20543
20561
20536
20511
20512
20538
20578
20508
20571
20557
20560
20576
20589
20553
20518
20523
20547
20520
20513
20564
20532
20609
20583
20549
20520
20524
20553
20538
20536
20549
20562
20575
20595
20610
20581
20567
20564
20601
20605
20515
20559
20544
20517
20571
20515
20533
20516
20505
20499
20544
20542
20580
20569
20485
20570
20572
20568
20524
20575
20504
20565
20565
20537
20549
20520
20531
20534
20478
20467
20547
20523
20528
20601
20496
20524
20466
20511
20523
20456
20495
20476
20524
20534
20507
20514
20511
20499
20502
20546
20522
20500
20521
20489
20573
20566
20546
20538
20592
20664
20608
20567
20649
20535
20621
20528
20516
20537
20490
20467
20490
20583
20526
20491
20602
20530
20540
20552
20553
20517
20594
20560
20551
20562
20548
20539
20517
20519
20530
20534
20522
20567
20578
20607
20554
20526
20572
20522
20471
20557
20549
20587
20538
20555
20533
20603
20578
20584
20563
20567
20589
20565
20572
20540
20551
20545
20557
20584
20543
20577
20522
20557
20539
20534
20539
20551
20588
20609
20578
20525
20544
20532
20573
20522
20528
20532
20529
20482
20514
20542
20508
20506
20555
20497
20546
20500
20487
20559
20532
20546
20568
20601
20557
20603
20594
20501
20591
20589
20551
20584
20548
20604
20587
20612
20610
20567
20585
20639
20563
20608
20533
20549
20579
20508
20513
20535
20527
20549
20562
20573
20542
20553
20541
20554
20584
20538
20532
20571
20524
20492
20541
20539
20528
20536
20528
20537
20460
20451
20510
20536
20523
20524
20571
20536
20562
20513
20593
20583
20539
20576
20518
20599
20485
20561
20574
20557
20603
20515
20549
20518
20565
20578
20610
20566
20596
20601
20549
20571
20562
20582
20555
20612
20607
20617
20622
20574
20513
20643
20594
20575
20617
20571
20660
20620
20626
20559
20548
20598
20532
20589
20509
20539
20545
20559
20539
20512
20561
20539
20586
20531
20716
20678
20704
20746
20722
20718
20722
20720
20763
20707
20748
20729
20738
20710
20707
20692
20649
20732
20735
20670
20697
20760
20713
20707
20723
20671
20728
20659
20690
20726
20769
20730
20776
20679
20787
20738
20716
20704
20739
20707
20725
20679
20709
20707
20738
20705
20644
20674
20733
20671
20654
20692
20696
20681
20683
20658
20650
20651
20700
20699
20665
20651
20703
20683
20684
20693
20693
20648
20655
20702
20682
20711
20688
20729
20736
20714
20699
20718
20688
20742
20720
20706
20709
20684
20635
20715
20666
20747
20688
20712
20736
20687
20704
20718
20722
20701
20720
20684
20679
20677
20679
20723
20652
20627
20692
20707
20683
20718
20726
20720
20741
20737
20727
20707
20680
20742
20721
20661
20740
20682
20676
20675
20737
20735
20747
20723
20695
20679
20746
20713
20717
20723
20753
20677
20789
20670
20735
20738
20718
20704
20729
20718
20696
20718
20694
20689
20799
20728
20720
20725
20705
20672
20690
20707
20757
20780
20781
20741
20697
20709
20750
20748
20722
20713
20779
20743
20810
20816
20786
20744
20777
20770
20737
20774
20751
20747
20733
20767
20712
20726
20704
20731
20702
20667
20645
20695
20630
20746
20672
20668
20708
20656
20653
20720
20759
20726
20702
20750
20785
20731
20736
20644
20687
20796
20725
20685
20727
20671
20720
20683
20742
20732
20796
20703
20799
20787
20779
20753
20703
20768
20744
20781
20736
20738
20749
20791
20773
20715
20709
20705
20748
20701
20721
20756
20773
20723
20763
20692
20689
20685
20708
20730
20698
20643
20630
20691
20736
20713
20735
20755
20720
20777
20733
20720
20748
20711
20747
20747
20749
20739
20735
20721
20701
20738
20753
20656
20692
20692
20698
20713
20680
20691
20657
20703
20676
20695
20722
20668
20715
20663
20719
20681
20677
20724
20721
20726
20663
20715
20663
20676
20669
20684
20713
20742
20683
20707
20697
20734
20732
20758
20712
20735
20704
20678
20710
20691
20739
20711
20720
20724
20713
20730
20733
20675
20690
20723
20703
20658
20689
20658
20660
20681
20659
20711
20665
20653
20656
20600
20657
20706
20720
20683
20670
20692
20699
20698
20665
20702
20736
20675
20730
20729
20691
20685
20675
20680
20747
20741
20718
20716
20764
20730
20704
20727
20758
20797
20749
20716
20733
20668
20669
20737
20718
20654
20712
20715
20689
20648
20706
20705
20687
20705
20724
20642
20760
20735
20762
20727
20670
20707
20754
20756
20732
20769
20691
20647
20728
20683
20713
20719
20683
20610
20685
20666
20671
20645
20631
20641
20665
20666
20719
20664
20661
20700
20672
20662
20615
20662
20668
20660
20673
20599
20616
20598
20621
20648
20672
20656
20704
20661
20654
20687
20657
20626
20651
20675
20677
20664
20679
20658
20684
20683
20686
20711
20738
20752
20726
20724
20713
20730
20709
20716
20709
20712
20660
20659
20722
20705
20715
20711
20679
20672
20731
20703
20712
20715
20768
20705
20729
20689
20663
20729
20663
20666
20656
20731
20677
20733
20674
20700
20765
20737
20790
20797
20660
20673
20748
20735
20750
20767
20698
20710
20701
20780
20811
20773
20749
20720
20727
20743
20718
20706
20683
20709
20726
20699
20633
20691
20712
20679
20899
20978
20966
20957
20927
20872
20931
20938
20934
20950
20968
20919
20944
20996
20965
20966
20995
20959
20931
20909
20925
20931
20991
20944
20954
20963
20914
20979
20915
20950
20931
20982
20924
20984
20936
20914
20963
20971
20972
20922
20946
20912
20982
20944
20953
20929
20912
20966
20995
20902
20928
20985
21011
20930
20938
20978
20982
20979
20994
20970
20921
20973
20891
20964
20956
20917
21021
20936
20900
20946
20909
20885
20917
20930
20917
20878
20922
20897
20965
20962
20984
20961
20964
20955
20912
20949
20966
20966
20995
20913
20937
20905
20949
20993
20974
20950
21007
20997
20974
20936
20947
20957
20957
20982
20946
20951
20916
20952
20948
20956
21006
20997
21021
20954
20947
20981
20936
20977
20932
20934
20921
21005
20945
20975
20954
20983
21018
21027
20960
20946
20995
20997
20989
21011
21020
21020
20995
21027
21022
21033
21025
20950
20950
21010
21038
21021
20994
20984
21009
21012
20965
20984
20988
20973
20988
20933
20958
20945
21049
21010
20978
20951
20948
20964
21013
21041
20964
20948
20946
20939
20922
20955
20927
20952
20931
21034
20977
20956
21020
20948
20955
20994
20955
20959
20964
20985
21001
20969
20921
20938
20980
20995
21052
21003
20967
21024
21047
20989
20982
20979
20995
21014
20975
20961
20968
21004
20995
20967
21042
20979
20993
20996
20955
20946
21005
20978
21005
21024
21024
21004
20995
20962
20986
21001
20985
21002
20997
21015
21005
21008
21016
20995
21053
20987
21075
21006
21000
21002
21010
20958
20965
20995
20928
20938
20934
20909
20967
20979
20929
20930
20892
20944
20916
20965
20971
20959
20969
20976
20947
20955
20928
20963
20951
20941
20961
20944
20936
20884
20932
20914
20917
20912
20928
20954
20910
20955
20948
20928
20953
20931
20967
20943
21003
20985
21003
20986
21043
20924
20977
21019
20939
20969
20980
20960
20958
20946
20959
20981
20968
21003
20953
20993
21008
21005
20947
20974
20997
21020
21024
21007
20976
21024
21053
21049
21040
21051
21047
20988
21050
21058
21012
20968
21037
20959
20993
20984
21000
21018
21001
21020
20998
20997
20978
20987
21017
20978
21014
21063
21000
21008
20999
20981
20953
21017
20957
21009
20960
21065
20979
20961
20957
21008
20981
20914
20965
20959
20918
20945
20919
20988
20958
20973
20929
20949
20957
21002
20962
20978
20979
20991
21005
20942
20967
20989
20989
20993
21042
21034
21038
21021
21010
20995
21020
20993
20994
21032
21001
21028
21034
20986
20931
20954
20937
20932
20999
21010
20987
21006
20939
20919
20986
20942
20993
20968
20950
20960
21059
21030
21029
21001
20964
21001
20970
21004
21010
21017
20958
20991
21018
21034
21015
21004
20941
20941
20952
20976
20964
20991
20935
20975
20940
20975
21008
20988
21010
21041
20938
20974
21019
21036
20956
20959
20945
20999
20972
20944
20931
21010
21021
20983
21036
20980
20978
20960
21043
20935
20955
21015
20993
21001
20936
20977
20954
21033
20949
20989
20988
20976
20938
20999
20992
20980
20969
20932
20941
20983
20969
20981
20914
20921
20968
20981
20969
20964
20946
20916
20929
20982
20983
20904
20996
20972
20978
21029
20975
20973
20973
20885
20979
20948
21178
21190
21206
21225
21226
21214
21222
21209
21174
21193
21147
21224
21285
21252
21221
21231
21199
21231
21259
21285
21281
21289
21230
21266
21286
21279
21284
21275
21243
21248
21284
21189
21253
21267
21283
21254
21321
21214
21189
21293
21235
21220
21278
21231
21274
21267
21232
21250
21287
21248
21271
21271
21275
21164
21216
21223
21164
21271
21235
21268
21263
21337
21219
21291
21300
21285
21253
21236
21248
21234
21215
21235
21203
21260
21247
21242
21218
21244
21206
21254
21299
21280
21219
21242
21282
21272
21297
21277
21288
21287
21212
21261
21241
21253
21277
21237
21269
21237
21204
21239
21198
21257
21296
21264
21266
21291
21306
21224
21289
21300
21245
21227
21255
21257
21238
21296
21335
21228
21272
21311
21273
21280
21241
21276
21259
21243
21265
21253
21273
21284
21264
21200
21213
21215
21200
21244
21277
21196
21226
21196
21198
21219
21209
21195
21204
21243
21186
21170
21154
21198
21186
21231
21222
21163
21210
21152
21178
21270
21216
21311
21273
21336
21277
21281
21266
21251
21216
21267
21325
21310
21281
21290
21315
21327
21305
21311
21314
21295
21332
21271
21309
21312
21366
21403
21390
21343
21276
21275
21292
21343
21331
21363
21281
21347
21316
21300
21318
21328
21339
21311
21334
21362
21325
21362
21364
21344
21346
21367
21353
21324
21290
21292
21316
21353
21336
21375
21375
21356
21351
21326
21297
21319
21341
21406
21337
21375
21381
21331
21355
21342
21343
21277
21337
21334
21341
21298
21267
21311
21320
21239
21266
21278
21289
21292
21288
21280
21318
21318
21267
21316
21303
21263
21276
21313
21259
21299
21301
21272
21261
21300
21324
21313
21340
21262
21288
21338
21268
21291
21295
21310
21292
21314
21255
21260
21292
21228
21247
21281
21229
21336
21292
21312
21330
21340
21276
21305
21325
21267
21315
21283
21330
21348
21414
21321
21326
21321
21269
21277
21285
21229
21245
21250
21256
21276
21286
21282
21248
21305
21313
21271
21245
21258
21270
21292
21269
21270
21183
21256
21247
21253
21254
21230
21264
21267
21315
21246
21259
21256
21220
21260
21253
21268
21282
21228
21286
21291
21264
21304
21260
21237
21260
21281
21266
21238
21228
21240
21249
21273
21226
21283
21272
21271
21265
21265
21247
21291
21245
21254
21330
21247
21203
21256
21219
21232
21249
21236
21241
21309
21200
21209
21225
21208
21246
21166
21186
21264
21201
21196
21252
21264
21234
21236
21273
21250
21271
21210
21201
21204
21244
21256
21210
21254
21245
21152
21221
21210
21219
21161
21217
21186
21153
21267
21167
21275
21209
21198
21223
21266
21250
21280
21267
21281
21251
21230
21270
21209
21199
21228
21189
21218
21206
21240
21218
21172
21164
21194
21221
21206
21243
21188
21115
21142
21195
21187
21189
21190
21180
21203
21258
21241
21255
21264
21277
21238
21211
21257
21253
21223
21275
21196
21244
21284
21285
21259
21238
21228
21198
21270
21239
21258
21188
21209
21208
21162
21190
21274
21273
21205
21212
21202
21178
21157
21279
21228
21315
21311
21250
21228
21237
21208
21203
21284
21258
21281
21194
21226
21184
21215
21213
21189
21257
21211
21238
21248
21243
21219
21217
21222
21194
21211
21617
21619
21596
21597
21638
21655
21653
21562
21608
21566
21572
21568
21562
21601
21589
21571
21603
21563
21623
21627
21575
21582
21564
21549
21594
21578
21569
21617
21636
21607
21612
21560
21647
21533
21599
21579
21570
21553
21599
21575
21617
21537
21574
21594
21534
21527
21556
21569
21583
21544
21556
21566
21516
21574
21564
21559
21537
21556
21520
21580
21588
21600
21606
21540
21568
21612
21519
21526
21568
21546
21495
21584
21582
21489
21555
21528
21555
21588
21559
21517
21552
21544
21500
21573
21520
21486
21574
21514
21494
21536
21478
21479
21503
21570
21566
21534
21561
21543
21516
21514
21559
21615
21516
21564
21543
21573
21503
21560
21547
21539
21513
21587
21551
21561
21550
21524
21555
21565
21547
21531
21558
21564
21602
21589
21587
21548
21562
21556
21489
21486
21517
21557
21532
21530
21548
21584
21508
21536
21550
21545
21572
21523
21494
21593
21531
21544
21572
21589
21493
21544
21557
21561
21598
21553
21537
21559
21507
21579
21498
21463
21512
21545
21533
21536
21562
21546
21545
21620
21671
21601
21557
21571
21523
21573
21567
21579
21557
21550
21570
21583
21513
21557
21513
21542
21560
21553
21531
21537
21529
21559
21596
21606
21552
21534
21541
21514
21475
21534
21537
21569
21570
21565
21564
21565
21552
21547
21605
21567
21568
21580
21533
21556
21575
21599
21569
21602
21575
21562
21551
21493
21510
21548
21505
21558
21563
21498
21501
21621
21586
21578
21536
21596
21598
21580
21525
21607
21549
21568
21543
21550
21596
21568
21570
21562
21518
21596
21581
21565
21583
21507
21600
21610
21593
21599
21597
21563
21579
21492
21534
21605
21569
21561
21549
21523
21539
21498
21521
21519
21523
21483
21499
21451
21487
21479
21511
21461
21518
21488
21574
21512
21529
21517
21545
21535
21556
21576
21593
21568
21573
21540
21518
21513
21586
21562
21570
21632
21562
21559
21531
21518
21494
21535
21538
21546
21581
21609
21561
21590
21588
21582
21556
21616
21555
21555
21617
21574
21553
21603
21533
21611
21520
21516
21509
21534
21523
21574
21547
21561
21504
21529
21571
21546
21593
21511
21557
21532
21548
21524
21557
21569
21581
21535
21525
21582
21539
21523
21581
21545
21497
21544
21557
21545
21569
21533
21569
21510
21507
21548
21546
21547
21526
21498
21542
21558
21561
21617
21544
21558
21489
21489
21515
21527
21450
21528
21526
21491
21516
21493
21486
21507
21567
21473
21552
21597
21521
21579
21552
21573
21531
21603
21562
21536
21539
21539
21582
21587
21549
21565
21519
21616
21574
21525
21523
21500
21506
21531
21461
21492
21462
21531
21489
21498
21452
21449
21470
21488
21495
21462
21447
21470
21509
21473
21544
21538
21497
21507
21457
21456
21425
21457
21461
21468
21484
21418
21477
21448
21500
21515
21479
21487
21498
21517
21554
21523
21470
21462
21484
21514
21474
21479
21440
21445
21536
21491
21467
21465
21510
21501
21461
21515
21474
21512
21485
21499
21478
21511
21492
21468
21472
21448
21456
21461
21475
21473
21483
21458
21513
21482
21464
21502
21478
21490
21490
21514
21492
21459
21488
21466
21459
21447
21492
21485
21448
21509
21488
21499
21460
21488
21500
21505
21852
21868
21953
21903
21932
21915
21887
21874
21862
21851
21882
21980
21928
21888
21936
21827
21887
21850
21806
21860
21880
21899
21872
21931
21891
21852
21893
21876
21915
21891
21940
21857
21863
21880
21882
21892
21850
21887
21890
21872
21843
21903
21847
21917
21825
21945
21887
21941
21910
21841
21854
21888
21862
21953
21888
21945
21891
21865
21873
21884
21882
21831
21818
21799
21829
21865
21903
21858
21824
21822
21856
21879
21885
21887
21926
21873
21822
21836
21848
21861
21895
21852
21860
21891
21911
21887
21874
21922
21933
21905
21886
21932
21950
21883
21879
21856
21870
21872
21889
21862
21852
21831
21783
21797
21867
21860
21865
21870
21830
21845
21832
21924
21894
21917
21836
21876
21837
21831
21880
21914
21853
21890
21845
21870
21847
21831
21822
21861
21847
21783
21832
21813
21803
21823
21829
21812
21842
21849
21847
21860
21861
21871
21830
21809
21822
21846
21815
21834
21836
21866
21838
21899
21863
21907
21927
21907
21878
21885
21824
21806
21792
21770
21745
21835
21815
21844
21842
21895
21840
21803
21889
21826
21829
21850
21860
21847
21878
21832
21854
21868
21815
21821
21862
21794
21817
21798
21816
21855
21875
21855
21887
21899
21848
21879
21807
21864
21769
21810
21839
21798
21848
21874
21811
21850
21843
21827
21854
21870
21876
21882
21851
21822
21810
21810
21811
21796
21766
21810
21823
21818
21853
21829
21816
21824
21854
21830
21768
21846
21842
21827
21860
21784
21846
21837
21847
21821
21881
21867
21868
21822
21840
21914
21893
21822
21870
21893
21850
21813
21859
21819
21822
21787
21838
21862
21852
21861
21798
21872
21887
21840
21852
21880
21877
21845
21847
21853
21874
21854
21850
21861
21839
21875
21842
21835
21861
21865
21830
21879
21897
21880
21908
21976
21925
21942
21889
21961
21915
21985
21873
21897
21901
21861
21882
21890
21850
21807
21817
21872
21864
21844
21832
21841
21804
21801
21857
21897
21867
21887
21913
21826
21952
21917
21916
21961
21910
21945
21947
21942
21876
21881
21844
21828
21877
21917
21869
21899
21882
21906
21879
21870
21865
21871
21874
21878
21897
21919
21904
21902
21881
21890
21871
21861
21905
21930
21964
21900
21904
21935
21883
21910
21959
21896
21891
21900
21890
21889
21862
21883
21895
21890
21905
21879
21963
21879
21868
21853
21880
21897
21838
21813
21864
21868
21829
21838
21878
21861
21846
21846
21892
21883
21869
21892
21894
21901
21849
21904
21920
21871
21885
21923
21901
21819
21910
21892
21901
21921
21941
21882
21908
21931
21901
21870
21871
21876
21843
21907
21885
21885
21890
21919
21891
21920
21910
21847
21854
21904
21865
21859
21817
21881
21843
21836
21877
21842
21814
21870
21864
21866
21874
21876
21900
21921
21954
21923
21929
21873
21883
21870
21861
21891
21832
21907
21919
21878
21853
21873
21837
21864
21856
21939
21804
21866
21895
21901
21880
21841
21841
21878
21886
21857
21852
21909
21883
21913
21859
21944
21912
21953
21893
21884
21878
21889
21833
21825
21905
21884
21868
21924
21847
21871
21890
21961
21847
21847
21801
21867
21905
21831
21883
21819
21826
21893
21806
21788
21898
21872
21847
21850
21834
21836
22346
22368
22369
22327
22401
22342
22356
22326
22299
22312
22373
22371
22321
22411
22445
22394
22387
22446
22411
22395
22404
22383
22343
22369
22388
22422
22421
22391
22361
22388
22338
22414
22382
22396
22400
22409
22419
22448
22399
22375
22412
22356
22377
22368
22388
22401
22418
22369
22329
22387
22335
22330
22341
22339
22382
22379
22301
22342
22347
22325
22434
22340
22329
22353
22322
22319
22372
22439
22395
22380
22376
22388
22371
22404
22436
22387
22415
22370
22451
22414
22404
22420
22367
22402
22400
22398
22399
22361
22403
22373
22408
22341
22428
22407
22448
22441
22416
22457
22402
22427
22433
22395
22393
22373
22392
22393
22340
22340
22367
22348
22303
22325
22302
22358
22333
22316
22339
22360
22368
22352
22341
22388
22337
22343
22376
22426
22412
22373
22318
22358
22349
22384
22380
22363
22318
22322
22387
22334
22378
22371
22368
22418
22417
22405
22389
22399
22403
22330
22344
22388
22373
22393
22378
22301
22356
22312
22350
22333
22344
22382
22357
22371
22401
22351
22379
22398
22356
22417
22395
22451
22387
22436
22320
22368
22348
22359
22287
22283
22345
22346
22342
22321
22357
22366
22346
22294
22378
22363
22408
22413
22457
22393
22369
22376
22406
22430
22461
22490
22456
22465
22436
22412
22378
22439
22408
22424
22433
22329
22372
22368
22401
22431
22435
22483
22420
22459
22390
22360
22422
22375
22461
22406
22370
22367
22370
22397
22348
22385
22377
22336
22414
22422
22420
22398
22413
22401
22397
22373
22420
22366
22387
22391
22379
22396
22355
22381
22351
22420
22358
22329
22362
22368
22409
22373
22418
22399
22404
22380
22330
22373
22392
22391
22404
22352
22370
22357
22363
22412
22414
22380
22416
22423
22391
22362
22452
22431
22414
22394
22384
22400
22413
22359
22394
22384
22381
22319
22369
22384
22363
22426
22360
22434
22422
22411
22364
22414
22367
22354
22339
22275
22394
22386
22369
22282
22321
22317
22298
22311
22295
22332
22284
22318
22300
22373
22324
22324
22329
22277
22292
22314
22349
22265
22328
22302
22355
22357
22351
22310
22324
22366
22391
22368
22314
22329
22366
22361
22363
22365
22389
22476
22463
22386
22341
22433
22377
22371
22349
22331
22340
22348
22290
22355
22304
22320
22342
22374
22356
22332
22389
22375
22321
22401
22395
22399
22398
22355
22338
22361
22348
22377
22312
22340
22333
22362
22327
22391
22330
22288
22292
22334
22389
22423
22416
22396
22364
22347
22380
22347
22374
22331
22371
22344
22284
22305
22356
22341
22342
22333
22345
22389
22345
22369
22358
22357
22352
22329
22395
22327
22390
22394
22357
22352
22354
22334
22312
22400
22370
22412
22376
22409
22402
22408
22321
22464
22413
22400
22380
22442
22435
22390
22383
22394
22389
22421
22348
22332
22342
22398
22361
22396
22349
22376
22385
22301
22353
22347
22337
22348
22401
22320
22304
22343
22325
22338
22318
22390
22346
22412
22389
22421
22408
22366
22381
22393
22342
22325
22395
22344
22310
22338
22327
22360
22356
22314
22377
22357
22314
22350
22368
22357
22382
22354
22358
22384
22407
22374
22366
22347
22358
22381
22346
22322
22336
22303
22350
22314
22305
22332
22356
22350
22912
22890
22850
22848
22881
22960
22909
22907
22981
22864
22864
22921
22931
22951
22942
22913
22913
22958
22921
22882
22918
22923
22922
22952
22942
22943
22932
22880
23007
23018
22968
22960
22900
22958
22911
22976
22955
22913
22982
22944
22967
22976
22992
22921
22897
22896
22882
22982
22959
22945
22956
22934
22955
23000
22929
23002
23016
22966
22972
22942
22943
22874
22946
22919
22910
22929
22917
22971
22984
22972
22994
22964
22955
22957
22962
22980
22982
22943
22902
22917
22921
22932
22910
22931
22893
22892
22939
22895
22983
22930
22925
22918
22900
22914
22917
22874
22865
22916
22885
22868
22922
22932
22895
22916
22955
22910
22920
22923
22894
22843
22935
22924
22946
22864
22914
22945
22918
22903
22891
22949
22904
22876
22900
22856
22900
22931
22939
22886
22942
22944
22976
22919
22949
22905
22964
23016
22973
22881
22910
22977
22883
22880
22899
22915
22949
22949
22894
22873
22920
22932
22940
22926
22931
22947
22907
22939
22865
22868
22905
22865
22931
22895
22902
22887
22886
22874
22934
22879
22901
22918
22865
22897
22922
22949
22885
22856
22899
22918
22901
22879
22817
22862
22878
22894
22907
22899
22919
22964
23014
22932
22939
22914
22865
22871
22916
22929
22912
22946
22915
22924
22918
22886
22953
22923
22954
22954
22953
22938
22906
22955
22966
22915
22934
22967
22925
22977
22942
22906
22937
22927
22903
22888
22827
22869
22893
22879
22940
22936
22879
22934
22991
22954
22941
22903
22895
22903
22934
22966
22939
22995
22999
22953
23003
22979
22968
23018
22961
22955
22951
22949
22951
22967
22876
22919
22913
22968
22951
22946
22953
22992
22943
22987
22926
22877
22928
22954
22922
22920
22993
22969
22912
22927
22869
22933
22890
22963
22924
22965
22949
22897
22904
22898
22923
22902
22893
22900
22875
22905
22914
22874
22891
22900
22867
22869
22823
22893
22871
22889
22871
22889
22824
22876
22882
22877
22899
22953
22911
22961
22908
22850
22867
22909
22840
22905
22959
22927
22930
22903
22913
22929
22916
22966
22901
22941
22909
22940
22969
22956
22964
22945
22973
22964
22955
22867
22915
22901
22886
22887
22927
22942
22938
22960
22963
22845
22943
22895
22932
22947
22892
22953
22982
22958
23009
22997
22945
22916
22924
22900
22904
22952
22970
22898
22908
22900
22917
22994
22969
22907
22874
22952
22987
22964
22942
22974
22947
22946
22935
22927
22952
22985
22982
22949
22983
22911
22935
22928
22958
22970
22949
23006
22982
23005
22970
22989
22983
22945
22938
22922
22935
22944
22896
22994
22944
22915
22898
22889
22967
22927
22919
22907
22914
22952
22994
22978
22972
22945
22909
22934
22923
22919
22935
22941
22947
22897
22866
22861
22872
22936
22924
22923
22940
22963
22994
22968
22958
22973
22958
22918
22929
22916
22976
22905
22924
22972
22932
22872
22915
22879
22898
22899
22892
22924
22909
22955
22945
22923
22916
22998
22922
22930
22895
22976
22938
23013
23004
22954
22978
22970
22941
22882
22933
22935
22940
22931
22979
22941
22963
22991
22958
22902
22916
22944
23032
22993
22948
22972
22943
22952
22968
22933
22905
23006
22972
22965
22941
22940
22937
22951
22934
22989
23657
23672
23655
23652
23587
23616
23681
23634
23667
23705
23693
23648
23657
23678
23744
23680
23644
23649
23655
23594
23608
23587
23643
23610
23600
23558
23624
23637
23669
23605
23663
23630
23664
23627
23647
23622
23645
23626
23610
23664
23629
23629
23635
23605
23642
23711
23613
23676
23631
23686
23696
23683
23601
23632
23690
23626
23636
23620
23629
23588
23653
23626
23672
23668
23748
23690
23641
23593
23620
23608
23566
23643
23647
23635
23620
23680
23638
23644
23644
23604
23586
23590
23579
23601
23578
23619
23561
23624
23550
23605
23632
23619
23627
23597
23567
23630
23649
23615
23648
23670
23679
23562
23604
23614
23678
23596
23643
23586
23568
23552
23567
23555
23517
23500
23507
23513
23527
23619
23554
23603
23640
23605
23596
23602
23618
23573
23572
23557
23542
23550
23597
23547
23562
23560
23600
23666
23679
23603
23607
23607
23631
23680
23684
23611
23630
23643
23661
23621
23643
23554
23593
23638
23577
23675
23643
23652
23641
23633
23702
23651
23651
23617
23605
23613
23604
23590
23641
23645
23640
23629
23637
23615
23609
23592
23676
23595
23651
23584
23608
23636
23677
23639
23629
23606
23651
23651
23564
23576
23640
23680
23585
23631
23658
23620
23615
23656
23591
23566
23644
23628
23607
23614
23648
23701
23673
23632
23607
23620
23698
23690
23637
23682
23686
23724
23708
23680
23691
23617
23676
23709
23668
23655
23660
23635
23654
23658
23620
23653
23730
23699
23686
23641
23655
23697
23621
23697
23621
23656
23646
23600
23629
23619
23586
23631
23571
23673
23583
23627
23636
23680
23657
23572
23612
23602
23628
23628
23617
23644
23673
23639
23689
23648
23617
23586
23586
23604
23548
23627
23540
23506
23559
23598
23594
23572
23537
23632
23648
23614
23628
23588
23603
23609
23569
23553
23615
23632
23581
23604
23658
23609
23517
23620
23599
23570
23610
23551
23609
23644
23598
23580
23601
23561
23560
23565
23580
23675
23628
23614
23610
23604
23594
23558
23587
23588
23635
23654
23608
23681
23659
23577
23571
23619
23608
23608
23617
23587
23602
23619
23618
23610
23590
23627
23654
23685
23638
23587
23640
23611
23602
23603
23617
23590
23662
23587
23584
23636
23535
23646
23666
23631
23635
23635
23624
23614
23583
23641
23604
23625
23635
23640
23618
23597
23587
23616
23605
23577
23578
23586
23471
23532
23504
23528
23556
23558
23568
23545
23492
23545
23530
23543
23573
23546
23540
23539
23578
23553
23587
23548
23568
23608
23573
23645
23509
23643
23667
23625
23640
23607
23566
23618
23595
23576
23644
23622
23604
23596
23569
23597
23593
23577
23582
23609
23597
23562
23569
23481
23580
23532
23519
23552
23551
23541
23525
23477
23487
23540
23541
23489
23596
23620
23598
23544
23564
23545
23600
23601
23642
23576
23614
23584
23604
23599
23515
23549
23583
23561
23518
23523
23561
23573
23562
23518
23547
23572
23523
23534
23515
23616
23602
23595
23584
23603
23578
23627
23641
23656
23609
23559
23583
23611
23604
23571
23504
23529
23548
23560
23561
23625
23511
23567
23580
23532
23582
23551
23564
23528
23562
23537
23566
23614
23595
23624
23610
23615
23577
23664
23606
23613
23657
23573
24426
24409
24483
24475
24448
24438
24460
24406
24484
24484
24441
24461
24485
24487
24443
24411
24404
24441
24481
24396
24435
24462
24425
24499
24463
24440
24481
24502
24488
24538
24456
24479
24445
24555
24499
24495
24528
24516
24493
24495
24455
24439
24483
24475
24561
24551
24563
24497
24561
24512
24544
24532
24473
24478
24478
24544
24543
24539
24546
24554
24571
24586
24569
24554
24520
24495
24485
24447
24542
24546
24516
24454
24444
24503
24455
24512
24480
24481
24546
24490
24528
24563
24563
24443
24486
24487
24553
24530
24523
24512
24514
24503
24536
24501
24497
24482
24495
24505
24477
24479
24492
24473
24497
24421
24469
24457
24491
24485
24466
24486
24526
24551
24497
24511
24556
24534
24481
24416
24446
24441
24500
24460
24476
24514
24532
24486
24528
24483
24493
24504
24512
24450
24506
24454
24453
24474
24437
24533
24518
24489
24473
24494
24438
24432
24440
24436
24517
24499
24460
24462
24492
24432
24473
24546
24544
24541
24470
24453
24458
24473
24496
24480
24488
24457
24455
24497
24513
24565
24482
24511
24569
24529
24512
24502
24511
24507
24519
24482
24474
24523
24492
24476
24473
24521
24493
24529
24505
24539
24526
24584
24485
24503
24477
24481
24462
24473
24489
24450
24486
24482
24506
24507
24542
24520
24516
24524
24537
24519
24487
24545
24459
24484
24442
24444
24558
24493
24558
24522
24513
24532
24531
24489
24495
24487
24558
24504
24487
24462
24500
24510
24455
24440
24437
24430
24505
24441
24454
24475
24468
24483
24470
24558
24530
24509
24498
24484
24543
24513
24505
24505
24541
24465
24492
24486
24501
24513
24511
24486
24547
24500
24546
24550
24572
24526
24526
24521
24558
24533
24435
24464
24510
24488
24544
24474
24537
24517
24489
24557
24509
24512
24453
24462
24490
24449
24478
24501
24532
24463
24462
24432
24486
24472
24440
24507
24474
24485
24476
24494
24507
24490
24551
24475
24524
24475
24469
24437
24454
24415
24459
24520
24444
24462
24511
24424
24478
24455
24449
24446
24428
24503
24414
24366
24402
24443
24440
24412
24458
24440
24484
24464
24474
24445
24453
24455
24474
24447
24447
24448
24494
24496
24471
24441
24490
24451
24465
24494
24480
24487
24567
24501
24448
24476
24446
24489
24469
24452
24510
24500
24525
24489
24473
24474
24442
24507
24486
24494
24487
24517
24491
24515
24485
24508
24509
24430
24449
24528
24436
24440
24516
24467
24483
24491
24510
24479
24466
24466
24457
24459
24518
24488
24492
24460
24487
24528
24425
24488
24499
24474
24477
24525
24471
24470
24509
24485
24515
24480
24448
24422
24461
24482
24447
24490
24469
24411
24455
24471
24518
24499
24543
24575
24548
24556
24565
24533
24516
24576
24580
24514
24535
24483
24487
24505
24492
24514
24464
24502
24483
24510
24528
24509
24489
24535
24588
24491
24474
24491
24554
24521
24474
24473
24438
24450
24516
24557
24516
24540
24509
24471
24453
24507
24469
24439
24462
24426
24461
24511
24448
24518
24449
24491
24455
24535
24487
24451
24465
24495
24442
24459
24487
24463
24517
24513
24496
24489
24473
24444
24428
24526
24544
24515
24519
24489
24434
24450
24443
24476
24487
24435
24452
24476
25677
25720
25715
25625
25674
25709
25709
25679
25723
25681
25702
25752
25721
25730
25705
25609
25730
25743
25661
25683
25658
25704
25680
25708
25661
25680
25680
25649
25647
25623
25684
25670
25689
25623
25687
25654
25677
25697
25687
25729
25709
25771
25714
25674
25657
25698
25666
25756
25711
25676
25729
25674
25668
25661
25793
25701
25713
25644
25689
25692
25678
25704
25728
25672
25724
25759
25704
25690
25709
25686
25682
25733
25641
25742
25709
25683
25660
25687
25693
25700
25698
25609
25704
25619
25613
25680
25644
25656
25662
25631
25627
25646
25689
25636
25660
25640
25647
25654
25634
25633
25645
25672
25663
25695
25701
25668
25660
25664
25691
25690
25639
25722
25687
25676
25638
25635
25679
25672
25714
25698
25663
25681
25662
25656
25662
25688
25725
25696
25718
25676
25679
25670
25688
25716
25671
25669
25630
25668
25671
25676
25681
25639
25698
25670
25645
25685
25668
25652
25691
25654
25662
25578
25640
25666
25663
25651
25709
25640
25689
25674
25620
25642
25717
25709
25677
25637
25681
25634
25717
25698
25640
25649
25724
25653
25654
25658
25651
25670
25702
25724
25734
25685
25751
25720
25758
25764
25703
25695
25740
25691
25724
25713
25698
25691
25641
25650
25663
25611
25628
25624
25645
25662
25614
25574
25656
25644
25717
25682
25605
25692
25667
25674
25652
25629
25721
25723
25701
25646
25727
25678
25656
25634
25640
25621
25636
25644
25670
25624
25626
25656
25621
25611
25636
25648
25664
25628
25620
25616
25691
25656
25620
25674
25698
25712
25661
25670
25667
25658
25721
25664
25659
25651
25665
25646
25697
25673
25680
25755
25741
25728
25731
25720
25704
25722
25747
25723
25807
25751
25750
25785
25809
25733
25766
25769
25764
25777
25729
25775
25735
25677
25733
25768
25757
25729
25686
25732
25708
25686
25722
25747
25638
25728
25711
25722
25666
25706
25674
25716
25701
25689
25646
25669
25648
25667
25686
25670
25696
25658
25630
25639
25676
25645
25563
25612
25682
25702
25627
25665
25593
25655
25676
25630
25625
25632
25616
25641
25651
25690
25656
25723
25571
25708
25769
25708
25725
25693
25744
25715
25714
25689
25695
25713
25692
25711
25730
25694
25724
25725
25657
25741
25674
25724
25675
25690
25610
25603
25704
25677
25626
25704
25688
25690
25674
25702
25730
25735
25735
25675
25784
25747
25721
25742
25722
25757
25730
25694
25698
25716
25695
25719
25684
25679
25675
25645
25641
25686
25678
25660
25660
25637
25734
25609
25674
25703
25681
25654
25606
25605
25639
25643
25672
25691
25619
25609
25630
25664
25689
25708
25748
25637
25667
25692
25693
25644
25670
25644
25602
25585
25638
25591
25594
25584
25617
25612
25554
25592
25582
25590
25603
25637
25613
25639
25600
25635
25652
25588
25599
25612
25581
25642
25616
25549
25603
25635
25638
25658
25676
25699
25706
25662
25659
25654
25712
25675
25699
25692
25628
25622
25681
25690
25620
25617
25651
25686
25669
25714
25689
25674
25660
25709
25664
25698
25719
25675
25680
25737
25662
25679
25675
25642
25673
25608
25704
25682
25715
25636
25629
25676
25703
25687
25672
25702
25690
25691
25653
25662
25667
25708
25615
25684
27362
27425
27402
27430
27413
27403
27426
27413
27366
27422
27369
27468
27416
27464
27392
27442
27408
27397
27366
27346
27372
27372
27400
27407
27421
27319
27357
27331
27369
27366
27309
27312
27313
27357
27349
27366
27405
27276
27293
27379
27313
27350
27391
27339
27363
27376
27381
27401
27399
27356
27320
27345
27349
27388
27365
27319
27344
27372
27318
27320
27302
27363
27308
27349
27250
27354
27332
27390
27315
27314
27272
27332
27346
27361
27372
27399
27377
27427
27406
27293
27299
27389
27372
27333
27308
27316
27333
27304
27309
27320
27286
27293
27339
27347
27408
27325
27412
27362
27403
27346
27317
27355
27333
27329
27300
27370
27359
27407
27340
27325
27371
27343
27419
27379
27354
27324
27358
27334
27364
27356
27443
27406
27378
27390
27426
27403
27372
27350
27305
27414
27428
27388
27376
27353
27346
27328
27402
27362
27340
27390
27381
27349
27339
27313
27394
27378
27344
27423
27348
27321
27375
27327
27340
27310
27315
27273
27335
27370
27354
27279
27339
27332
27354
27286
27262
27269
27265
27279
27319
27338
27377
27324
27337
27383
27308
27345
27359
27370
27402
27362
27347
27327
27320
27306
27239
27340
27344
27307
27270
27322
27255
27342
27329
27306
27303
27315
27302
27332
27299
27339
27352
27324
27380
27353
27400
27289
27301
27309
27306
27277
27353
27301
27346
27385
27305
27326
27381
27320
27323
27322
27294
27314
27309
27318
27298
27251
27307
27295
27328
27298
27322
27273
27295
27282
27340
27261
27268
27290
27361
27274
27306
27303
27290
27279
27225
27248
27244
27249
27287
27248
27233
27281
27289
27242
27271
27259
27307
27277
27358
27316
27315
27335
27335
27325
27302
27344
27299
27362
27340
27352
27329
27368
27319
27352
27329
27351
27371
27396
27432
27404
27367
27356
27386
27385
27471
27404
27412
27354
27385
27392
27347
27347
27285
27324
27418
27342
27388
27338
27355
27284
27310
27333
27301
27329
27333
27322
27371
27349
27318
27347
27325
27281
27368
27346
27370
27389
27379
27397
27406
27338
27359
27338
27376
27349
27343
27310
27296
27347
27312
27391
27404
27388
27330
27327
27358
27343
27362
27279
27310
27370
27370
27330
27368
27350
27330
27330
27299
27369
27349
27371
27367
27411
27320
27325
27371
27320
27342
27347
27324
27371
27342
27392
27340
27338
27327
27381
27334
27406
27401
27328
27357
27354
27352
27375
27367
27462
27422
27440
27474
27411
27419
27477
27440
27451
27429
27431
27398
27516
27421
27392
27392
27363
27454
27410
27381
27398
27394
27395
27408
27472
27451
27442
27493
27416
27420
27453
27398
27461
27417
27432
27451
27424
27381
27410
27422
27414
27471
27438
27380
27443
27437
27393
27424
27335
27391
27329
27399
27359
27424
27388
27397
27389
27439
27427
27473
27428
27406
27451
27443
27417
27443
27383
27418
27376
27403
27402
27434
27432
27437
27368
27367
27429
27366
27374
27357
27352
27412
27358
27424
27392
27379
27369
27385
27494
27404
27409
27448
27399
27388
27414
27438
27426
27381
27342
27457
27398
27367
27376
27376
27341
27336
27301
27327
27316
27355
27337
27342
27315
27289
27314
27323
27262
27385
27316
27283
27351
27304
27357
27345
27338
29738
29768
29799
29810
29821
29796
29812
29733
29801
29833
29775
29791
29763
29753
29843
29829
29835
29871
29798
29767
29744
29800
29813
29809
29901
29810
29803
29770
29790
29816
29746
29684
29726
29770
29759
29775
29718
29750
29733
29781
29753
29770
29710
29764
29704
29772
29735
29756
29771
29798
29723
29794
29775
29834
29865
29781
29827
29846
29810
29814
29878
29846
29821
29852
29834
29855
29806
29821
29849
29928
29899
29849
29885
29886
29826
29863
29830
29829
29864
29892
29907
29807
29815
29782
29790
29780
29831
29851
29829
29811
29772
29860
29803
29811
29772
29742
29811
29829
29718
29782
29777
29768
29834
29809
29815
29899
29812
29788
29861
29848
29842
29779
29846
29779
29895
29762
29821
29840
29798
29811
29803
29823
29782
29867
29800
29775
29777
29814
29779
29769
29773
29783
29802
29826
29776
29835
29839
29760
29800
29790
29796
29772
29759
29813
29801
29757
29854
29831
29806
29841
29819
29815
29812
29811
29813
29758
29782
29764
29791
29754
29787
29756
29756
29699
29741
29789
29750
29742
29781
29784
29819
29824
29763
29783
29833
29792
29823
29775
29836
29846
29814
29838
29839
29775
29768
29757
29718
29786
29765
29765
29749
29772
29778
29830
29791
29855
29781
29793
29788
29757
29764
29803
29761
29779
29734
29755
29829
29778
29758
29770
29830
29781
29783
29836
29837
29790
29787
29797
29756
29812
29809
29773
29839
29801
29814
29886
29784
29803
29843
29823
29863
29919
29897
29878
29851
29888
29880
29908
29850
29906
29913
29865
29826
29815
29822
29807
29805
29853
29901
29875
29895
29902
29864
29849
29883
29865
29877
29836
29880
29876
29811
29796
29846
29872
29871
29861
29791
29749
29762
29764
29805
29750
29752
29727
29755
29780
29791
29797
29846
29821
29722
29767
29822
29744
29771
29887
29790
29812
29794
29792
29827
29769
29758
29900
29736
29785
29693
29815
29783
29784
29853
29782
29809
29774
29793
29817
29861
29791
29783
29825
29756
29801
29862
29792
29823
29874
29827
29789
29768
29777
29798
29837
29777
29792
29805
29788
29806
29807
29831
29786
29759
29781
29836
29811
29813
29747
29739
29764
29735
29783
29806
29844
29808
29830
29804
29794
29794
29871
29845
29850
29810
29819
29756
29765
29852
29854
29827
29788
29763
29791
29809
29803
29778
29772
29810
29867
29817
29805
29799
29796
29790
29784
29807
29768
29740
29816
29796
29797
29778
29771
29771
29801
29733
29777
29768
29784
29827
29845
29800
29853
29781
29774
29813
29855
29847
29851
29950
29839
29835
29883
29821
29823
29854
29771
29786
29787
29789
29768
29793
29751
29767
29806
29840
29855
29777
29824
29744
29779
29862
29850
29876
29830
29840
29851
29909
29832
29823
29801
29741
29816
29737
29744
29740
29718
29736
29806
29688
29778
29783
29829
29771
29779
29825
29785
29830
29753
29807
29781
29791
29824
29781
29766
29841
29803
29797
29788
29773
29821
29829
29805
29885
29830
29809
29785
29805
29779
29808
29838
29851
29836
29813
29848
29831
29829
29831
29783
29866
29864
29792
29752
29804
29802
29793
29787
29805
29794
29796
29782
29798
29699
29781
29746
29788
29831
29795
29761
29786
29820
29791
29751
33894
33817
33813
33853
33875
33853
33827
33890
33870
33870
33911
33863
33855
33914
33919
33913
33864
33883
33832
33822
33841
33880
33834
33806
33819
33831
33887
33920
33872
33861
33770
33844
33845
33843
33835
33901
33797
33849
33857
33909
33855
33875
33861
33811
33869
33830
33782
33813
33809
33815
33841
33862
33780
33856
33842
33843
33820
33797
33828
33837
33778
33787
33764
33774
33782
33807
33744
33763
33822
33779
33863
33842
33813
33803
33854
33847
33840
33796
33809
33806
33859
33824
33839
33853
33823
33753
33789
33713
33678
33782
33725
33770
33771
33761
33741
33822
33754
33741
33775
33762
33788
33767
33773
33778
33790
33787
33752
33776
33710
33717
33777
33713
33755
33749
33744
33644
33753
33868
33759
33846
33826
33815
33797
33846
33849
33823
33815
33830
33830
33874
33917
33899
33849
33860
33904
33885
33789
33879
33878
33816
33780
33878
33814
33816
33802
33787
33745
33786
33830
33849
33818
33839
33861
33925
33876
33814
33762
33790
33816
33738
33848
33818
33830
33846
33879
33742
33792
33762
33761
33767
33866
33746
33761
33756
33824
33802
33830
33784
33802
33849
33758
33820
33816
33772
33810
33836
33831
33845
33809
33851
33791
33827
33840
33848
33840
33818
33807
33811
33805
33778
33793
33843
33847
33944
33871
33818
33825
33878
33830
33855
33818
33716
33794
33766
33695
33792
33805
33801
33770
33778
33832
33839
33868
33820
33787
33775
33694
33758
33760
33792
33838
33900
33818
33860
33856
33841
33885
33833
33815
33791
33782
33822
33856
33800
33811
33809
33828
33821
33828
33896
33825
33875
33869
33831
33822
33840
33807
33801
33880
33873
33798
33838
33876
33886
33809
33823
33747
33792
33810
33839
33772
33822
33826
33815
33771
33797
33742
33808
33866
33849
33781
33826
33860
33851
33831
33829
33768
33814
33827
33748
33796
33845
33836
33841
33845
33818
33814
33788
33732
33846
33772
33776
33816
33813
33793
33774
33758
33760
33753
33738
33845
33834
33797
33723
33836
33774
33789
33832
33862
33866
33799
33787
33698
33812
33761
33750
33773
33781
33753
33770
33721
33717
33801
33747
33764
33795
33798
33754
33764
33732
33741
33756
33783
33769
33724
33750
33771
33815
33778
33806
33840
33786
33851
33845
33873
33854
33891
33747
33740
33800
33781
33756
33701
33704
33803
33762
33792
33804
33804
33825
33826
33805
33746
33750
33785
33819
33799
33816
33827
33762
33772
33769
33794
33826
33805
33823
33809
33783
33774
33843
33749
33827
33757
33804
33778
33838
33828
33812
33857
33847
33855
33878
33820
33818
33870
33825
33876
33806
33873
33895
33885
33921
33844
33827
33809
33836
33834
33840
33830
33924
33854
33801
33918
33920
33875
33825
33844
33850
33888
33845
33781
33908
33839
33817
33846
33796
33807
33846
33821
33845
33857
33780
33779
33806
33755
33831
33812
33805
33876
33815
33842
33780
33863
33817
33849
33830
33884
33850
33910
33874
33845
33920
33887
33829
33830
33837
33842
33852
33902
33884
33870
33865
33790
33821
33843
33913
33795
33837
33838
33867
33905
33878
33853
33872
33912
33931
33856
33852
33809
33779
33810
33833
33850
33769
33836
33818
33862
33910
33842
33846
41615
41592
41665
41591
41652
41644
41634
41632
41685
41672
41639
41691
41676
41674
41611
41538
41653
41693
41652
41620
41610
41638
41657
41639
41621
41641
41629
41621
41656
41670
41683
41670
41640
41602
41668
41716
41668
41592
41639
41650
41634
41640
41603
41603
41627
41597
41678
41646
41662
41647
41580
41566
41670
41637
41588
41579
41588
41623
41619
41620
41626
41640
41620
41604
41601
41633
41616
41575
41617
41604
41583
41628
41594
41633
41547
41704
41650
41606
41646
41607
41577
41632
41644
41654
41611
41671
41581
41621
41605
41617
41640
41617
41622
41573
41560
41651
41653
41685
41604
41657
41697
41657
41663
41680
41672
41625
41622
41612
41673
41607
41578
41642
41656
41600
41664
41704
41669
41645
41684
41676
41626
41628
41648
41696
41698
41597
41618
41628
41603
41707
41688
41717
41723
41697
41676
41615
41662
41657
41685
41765
41666
41638
41627
41734
41713
41703
41709
41706
41729
41697
41786
41637
41600
41707
41632
41645
41623
41645
41661
41636
41699
41682
41624
41597
41672
41722
41692
41582
41624
41620
41604
41632
41584
41639
41617
41630
41599
41599
41599
41597
41642
41623
41577
41618
41645
41567
41657
41587
41623
41711
41681
41663
41800
41723
41652
41646
41685
41581
41634
41575
41626
41616
41631
41642
41620
41656
41651
41665
41674
41655
41698
41664
41605
41557
41632
41663
41601
41636
41599
41593
41654
41577
41541
41637
41637
41573
41643
41587
41628
41647
41716
41636
41704
41675
41735
41686
41633
41656
41613
41674
41597
41652
41600
41612
41672
41595
41574
41689
41628
41637
41668
41695
41614
41697
41605
41605
41626
41564
41614
41567
41605
41617
41637
41639
41615
41543
41544
41622
41545
41529
41598
41526
41528
41635
41619
41627
41577
41579
41574
41650
41701
41592
41570
41593
41624
41615
41610
41618
41589
41679
41583
41583
41573
41483
41552
41534
41556
41574
41598
41698
41617
41552
41629
41545
41627
41650
41627
41719
41589
41648
41641
41542
41610
41588
41550
41565
41575
41556
41537
41502
41522
41539
41515
41542
41549
41536
41567
41520
41577
41536
41551
41536
41595
41623
41523
41550
41588
41580
41516
41538
41571
41581
41603
41576
41597
41588
41551
41530
41519
41577
41514
41519
41527
41481
41537
41562
41525
41512
41522
41574
41533
41541
41512
41540
41612
41505
41552
41529
41594
41621
41584
41586
41541
41557
41601
41579
41565
41592
41664
41655
41539
41465
41567
41550
41581
41523
41568
41576
41509
41493
41461
41559
41546
41602
41561
41540
41516
41619
41522
41501
41603
41631
41542
41510
41549
41539
41533
41548
41617
41551
41574
41536
41513
41511
41508
41532
41509
41580
41572
41566
41622
41606
41555
41586
41645
41651
41575
41587
41512
41579
41552
41556
41547
41671
41543
41638
41683
41598
41577
41624
41625
41585
41586
41602
41601
41525
41595
41569
41600
41538
41558
41666
41615
41579
41616
41593
41578
41638
41544
41545
41559
41587
41578
41536
41553
41632
41664
41571
41618
41579
41636
41653
41551
41547
41600
41528
41519
41647
41565
41588
41567
41569
41534
41592
41575
41541
41497
41529
41560
41525
41510
41464
41548
41481
41473
41521
41533
41469
41543
41455
64191
64197
64223
64138
64135
64169
64141
64136
64245
64173
64207
64242
64239
64220
64201
64226
64211
64199
64204
64174
64205
64213
64290
64227
64221
64215
64221
64211
64205
64227
64217
64233
64236
64179
64271
64154
64117
64204
64181
64231
64270
64233
64167
64249
64254
64215
64281
64181
64188
64203
64220
64150
64181
64205
64217
64174
64185
64182
64159
64266
64205
64173
64258
64300
64183
64242
64210
64166
64205
64140
64159
64269
64180
64227
64236
64188
64239
64235
64244
64255
64283
64207
64247
64260
64205
64216
64151
64145
64200
64252
64274
64210
64217
64257
64176
64278
64301
64341
64304
64240
64200
64264
64364
64280
64239
64277
64229
64246
64142
64223
64293
64191
64164
64189
64181
64156
64194
64137
64222
64158
64190
64283
64209
64133
64197
64105
64068
64169
64178
64191
64133
64216
64130
64212
64197
64134
64124
64108
64270
64149
64171
64168
64231
64194
64227
64236
64248
64268
64189
64228
64173
64191
64237
64193
64216
64213
64111
64236
64276
64146
64175
64189
64179
64296
64238
64254
64175
64272
64194
64239
64243
64239
64257
64292
64277
64222
64218
64245
64241
64277
64269
64201
64209
64135
64115
64095
64200
64196
64239
64157
64160
64229
64246
64274
64189
64190
64208
64186
64132
64224
64211
64165
64282
64206
64186
64130
64157
64148
64153
64130
64123
64170
64233
64094
64085
64195
64230
64149
64171
64130
64173
64149
64156
64039
64181
64145
64195
64166
64137
64218
64167
64198
64108
64181
64163
64202
64241
64099
64178
64167
64128
64269
64272
64222
64268
64377
64277
64226
64286
64278
64297
64234
64206
64203
64276
64266
64182
64305
64149
64316
64209
64107
64160
64209
64175
64187
64305
64209
64244
64335
64224
64262
64166
64238
64238
64312
64173
64305
64266
64275
64263
64276
64239
64257
64257
64258
64256
64234
64362
64269
64177
64286
64292
64324
64277
64281
64297
64193
64218
64231
64314
64185
64306
64277
64268
64215
64239
64172
64262
64231
64226
64274
64227
64306
64225
64236
64331
64236
64163
64239
64303
64245
64212
64203
64164
64263
64203
64208
64193
64210
64178
64146
64176
64197
64268
64341
64213
64175
64208
64173
64222
64188
64239
64164
64179
64233
64161
64282
64227
64240
64326
64321
64292
64207
64318
64205
64271
64316
64225
64295
64242
64165
64296
64215
64266
64319
64280
64287
64334
64217
64265
64210
64238
64280
64216
64156
64350
64254
64213
64275
64254
64304
64421
64242
64253
64223
64300
64227
64235
64282
64336
64276
64379
64176
64268
64241
64173
64269
64216
64189
64219
64259
64105
64342
64262
64279
64273
64247
64188
64165
64148
64189
64266
64295
64136
64167
64206
64208
64285
64304
64248
64249
64302
64317
64233
64272
64245
64300
64267
64214
64271
64233
64224
64251
64253
64248
64206
64253
64233
64237
64269
64257
64278
64316
64320
64296
64291
64334
64347
64268
64262
64303
64383
64183
64332
64253
64229
64271
64294
64240
64217
64290
64303
64216
64238
64326
64235
64301
64211
64270
64337
64271
64256
64278
64243
64265
64327
64246
64215
64357
64314
64313
64312
64327
64252
64260
64231
64244
64366
64244
64277
64213
64355
64259
64294
64199
64217
64237
64203
64273
