20505
20505
20518
20537
20529
20573
20538
20491
20448
20493
20505
20537
20457
20475
20467
20515
20502
20445
20498
20537
20474
20538
20532
20535
20507
20498
20540
20505
20499
20500
20496
20525
20507
20510
20530
20495
20533
20553
20495
20515
20551
20499
20534
20492
20511
20497
20424
20451
20513
20434
20491
20518
20499
20529
20457
20529
20468
20512
20544
20507
20588
20523
20522
20485
20519
20481
20464
20515
20479
20508
20518
20476
20548
20521
20468
20561
20504
20487
20508
20465
20489
20462
20444
20447
20477
20483
20414
20462
20520
20551
20573
20581
20484
20483
20522
20507
20500
20510
20482
20449
20565
20517
20480
20521
20555
20555
20506
20477
20519
20539
20544
20516
20565
20559
20625
20557
20585
20532
20599
20561
20557
20554
20536
20528
20559
20500
20507
20523
20484
20521
20577
20522
20586
20533
20613
20499
20482
20485
20518
20571
20505
20529
20543
20502
20586
20565
20510
20519
20548
20531
20502
20507
20520
20533
20543
20607
20536
20532
20514
20516
20577
20544
20470
20533
20557
20527
20554
20520
20553
20550
20583
20564
20564
20591
20612
20547
20550
20561
20561
20545
20530
20555
20552
20532
20567
20520
20552
20474
20511
20524
20582
20561
20543
20537
20508
20557
20660
20557
20562
20572
20476
20543
20561
20536
20511
20512
20538
20578
20508
20571
20557
20560
20576
20589
20553
20518
20523
20547
20520
20513
20564
20532
20609
20583
20549
20520
20524
20553
20538
20536
20549
20562
20575
20595
20610
20581
20567
20564
20601
20605
20515
20559
20544
20517
20571
20515
20533
20516
20505
20499
20544
20542
20580
20569
20485
20570
20572
20568
20524
20575
20504
20565
20565
20537
20549
20520
20531
20534
20478
20467
20547
20523
20528
20601
20496
20524
20466
20511
20523
20456
20495
20476
20524
20534
20507
20514
20511
20499
20502
20546
20522
20500
20521
20489
20573
20566
20546
20538
20592
20664
20608
20567
20649
20535
20621
20528
20516
20537
20490
20467
20490
20583
20526
20491
20602
20530
20540
20552
20553
20517
20594
20560
20551
20562
20548
20539
20517
20519
20530
20534
20522
20567
20578
20607
20554
20526
20572
20522
20471
20557
20549
20587
20538
20555
20533
20603
20578
20584
20563
20567
20589
20565
20572
20540
20551
20545
20557
20584
20543
20577
20522
20557
20539
20534
20539
20551
20588
20609
20578
20525
20544
20532
20573
20522
20528
20532
20529
20482
20514
20542
20508
20506
20555
20497
20546
20500
20487
20559
20532
20546
20568
20601
20557
20603
20594
20501
20591
20589
20551
20584
20548
20604
20587
20612
20610
20567
20585
20639
20563
20608
20533
20549
20579
20508
20513
20535
20527
20549
20562
20573
20542
20553
20541
20554
20584
20538
20532
20571
20524
20492
20541
20539
20528
20536
20528
20537
20460
20451
20510
20536
20523
20524
20571
20536
20562
20513
20593
20583
20539
20576
20518
20599
20485
20561
20574
20557
20603
20515
20549
20518
20565
20578
20610
20566
20596
20601
20549
20571
20562
20582
20555
20612
20607
20617
20622
20574
20513
20643
20594
20575
20617
20571
20660
20620
20626
20559
20548
20598
20532
20589
20509
20539
20545
20559
20539
20512
20561
20539
20586
20531
20716
20678
20704
20746
20722
20718
20722
20720
20763
20707
20748
20729
20738
20710
20707
20692
20649
20732
20735
20670
20697
20760
20713
20707
20723
20671
20728
20659
20690
20726
20769
20730
20776
20679
20787
20738
20716
20704
20739
20707
20725
20679
20709
20707
20738
20705
20644
20674
20733
20671
20654
20692
20696
20681
20683
20658
20650
20651
20700
20699
20665
20651
20703
20683
20684
20693
20693
20648
20655
20702
20682
20711
20688
20729
20736
20714
20699
20718
20688
20742
20720
20706
20709
20684
20635
20715
20666
20747
20688
20712
20736
20687
20704
20718
20722
20701
20720
20684
20679
20677
20679
20723
20652
20627
20692
20707
20683
20718
20726
20720
20741
20737
20727
20707
20680
20742
20721
20661
20740
20682
20676
20675
20737
20735
20747
20723
20695
20679
20746
20713
20717
20723
20753
20677
20789
20670
20735
20738
20718
20704
20729
20718
20696
20718
20694
20689
20799
20728
20720
20725
20705
20672
20690
20707
20757
20780
20781
20741
20697
20709
20750
20748
20722
20713
20779
20743
20810
20816
20786
20744
20777
20770
20737
20774
20751
20747
20733
20767
20712
20726
20704
20731
20702
20667
20645
20695
20630
20746
20672
20668
20708
20656
20653
20720
20759
20726
20702
20750
20785
20731
20736
20644
20687
20796
20725
20685
20727
20671
20720
20683
20742
20732
20796
20703
20799
20787
20779
20753
20703
20768
20744
20781
20736
20738
20749
20791
20773
20715
20709
20705
20748
20701
20721
20756
20773
20723
20763
20692
20689
20685
20708
20730
20698
20643
20630
20691
20736
20713
20735
20755
20720
20777
20733
20720
20748
20711
20747
20747
20749
20739
20735
20721
20701
20738
20753
20656
20692
20692
20698
20713
20680
20691
20657
20703
20676
20695
20722
20668
20715
20663
20719
20681
20677
20724
20721
20726
20663
20715
20663
20676
20669
20684
20713
20742
20683
20707
20697
20734
20732
20758
20712
20735
20704
20678
20710
20691
20739
20711
20720
20724
20713
20730
20733
20675
20690
20723
20703
20658
20689
20658
20660
20681
20659
20711
20665
20653
20656
20600
20657
20706
20720
20683
20670
20692
20699
20698
20665
20702
20736
20675
20730
20729
20691
20685
20675
20680
20747
20741
20718
20716
20764
20730
20704
20727
20758
20797
20749
20716
20733
20668
20669
20737
20718
20654
20712
20715
20689
20648
20706
20705
20687
20705
20724
20642
20760
20735
20762
20727
20670
20707
20754
20756
20732
20769
20691
20647
20728
20683
20713
20719
20683
20610
20685
20666
20671
20645
20631
20641
20665
20666
20719
20664
20661
20700
20672
20662
20615
20662
20668
20660
20673
20599
20616
20598
20621
20648
20672
20656
20704
20661
20654
20687
20657
20626
20651
20675
20677
20664
20679
20658
20684
20683
20686
20711
20738
20752
20726
20724
20713
20730
20709
20716
20709
20712
20660
20659
20722
20705
20715
20711
20679
20672
20731
20703
20712
20715
20768
20705
20729
20689
20663
20729
20663
20666
20656
20731
20677
20733
20674
20700
20765
20737
20790
20797
20660
20673
20748
20735
20750
20767
20698
20710
20701
20780
20811
20773
20749
20720
20727
20743
20718
20706
20683
20709
20726
20699
20633
20691
20712
20679
20899
20978
20966
20957
20927
20872
20931
20938
20934
20950
20968
20919
20944
20996
20965
20966
20995
20959
20931
20909
20925
20931
20991
20944
20954
20963
20914
20979
20915
20950
20931
20982
20924
20984
20936
20914
20963
20971
20972
20922
20946
20912
20982
20944
20953
20929
20912
20966
20995
20902
20928
20985
21011
20930
20938
20978
20982
20979
20994
20970
20921
20973
20891
20964
20956
20917
21021
20936
20900
20946
20909
20885
20917
20930
20917
20878
20922
20897
20965
20962
20984
20961
20964
20955
20912
20949
20966
20966
20995
20913
20937
20905
20949
20993
20974
20950
21007
20997
20974
20936
20947
20957
20957
20982
20946
20951
20916
20952
20948
20956
21006
20997
21021
20954
20947
20981
20936
20977
20932
20934
20921
21005
20945
20975
20954
20983
21018
21027
20960
20946
20995
20997
20989
21011
21020
21020
20995
21027
21022
21033
21025
20950
20950
21010
21038
21021
20994
20984
21009
21012
20965
20984
20988
20973
20988
20933
20958
20945
21049
21010
20978
20951
20948
20964
21013
21041
20964
20948
20946
20939
20922
20955
20927
20952
20931
21034
20977
20956
21020
20948
20955
20994
20955
20959
20964
20985
21001
20969
20921
20938
20980
20995
21052
21003
20967
21024
21047
20989
20982
20979
20995
21014
20975
20961
20968
21004
20995
20967
21042
20979
20993
20996
20955
20946
21005
20978
21005
21024
21024
21004
20995
20962
20986
21001
20985
21002
20997
21015
21005
21008
21016
20995
21053
20987
21075
21006
21000
21002
21010
20958
20965
20995
20928
20938
20934
20909
20967
20979
20929
20930
20892
20944
20916
20965
20971
20959
20969
20976
20947
20955
20928
20963
20951
20941
20961
20944
20936
20884
20932
20914
20917
20912
20928
20954
20910
20955
20948
20928
20953
20931
20967
20943
21003
20985
21003
20986
21043
20924
20977
21019
20939
20969
20980
20960
20958
20946
20959
20981
20968
21003
20953
20993
21008
21005
20947
20974
20997
21020
21024
21007
20976
21024
21053
21049
21040
21051
21047
20988
21050
21058
21012
20968
21037
20959
20993
20984
21000
21018
21001
21020
20998
20997
20978
20987
21017
20978
21014
21063
21000
21008
20999
20981
20953
21017
20957
21009
20960
21065
20979
20961
20957
21008
20981
20914
20965
20959
20918
20945
20919
20988
20958
20973
20929
20949
20957
21002
20962
20978
20979
20991
21005
20942
20967
20989
20989
20993
21042
21034
21038
21021
21010
20995
21020
20993
20994
21032
21001
21028
21034
20986
20931
20954
20937
20932
20999
21010
20987
21006
20939
20919
20986
20942
20993
20968
20950
20960
21059
21030
21029
21001
20964
21001
20970
21004
21010
21017
20958
20991
21018
21034
21015
21004
20941
20941
20952
20976
20964
20991
20935
20975
20940
20975
21008
20988
21010
21041
20938
20974
21019
21036
20956
20959
20945
20999
20972
20944
20931
21010
21021
20983
21036
20980
20978
20960
21043
20935
20955
21015
20993
21001
20936
20977
20954
21033
20949
20989
20988
20976
20938
20999
20992
20980
20969
20932
20941
20983
20969
20981
20914
20921
20968
20981
20969
20964
20946
20916
20929
20982
20983
20904
20996
20972
20978
21029
20975
20973
20973
20885
20979
20948
21178
21190
21206
21225
21226
21214
21222
21209
21174
21193
21147
21224
21285
21252
21221
21231
21199
21231
21259
21285
21281
21289
21230
21266
21286
21279
21284
21275
21243
21248
21284
21189
21253
21267
21283
21254
21321
21214
21189
21293
21235
21220
21278
21231
21274
21267
21232
21250
21287
21248
21271
21271
21275
21164
21216
21223
21164
21271
21235
21268
21263
21337
21219
21291
21300
21285
21253
21236
21248
21234
21215
21235
21203
21260
21247
21242
21218
21244
21206
21254
21299
21280
21219
21242
21282
21272
21297
21277
21288
21287
21212
21261
21241
21253
21277
21237
21269
21237
21204
21239
21198
21257
21296
21264
21266
21291
21306
21224
21289
21300
21245
21227
21255
21257
21238
21296
21335
21228
21272
21311
21273
21280
21241
21276
21259
21243
21265
21253
21273
21284
21264
21200
21213
21215
21200
21244
21277
21196
21226
21196
21198
21219
21209
21195
21204
21243
21186
21170
21154
21198
21186
21231
21222
21163
21210
21152
21178
21270
21216
21311
21273
21336
21277
21281
21266
21251
21216
21267
21325
21310
21281
21290
21315
21327
21305
21311
21314
21295
21332
21271
21309
21312
21366
21403
21390
21343
21276
21275
21292
21343
21331
21363
21281
21347
21316
21300
21318
21328
21339
21311
21334
21362
21325
21362
21364
21344
21346
21367
21353
21324
21290
21292
21316
21353
21336
21375
21375
21356
21351
21326
21297
21319
21341
21406
21337
21375
21381
21331
21355
21342
21343
21277
21337
21334
21341
21298
21267
21311
21320
21239
21266
21278
21289
21292
21288
21280
21318
21318
21267
21316
21303
21263
21276
21313
21259
21299
21301
21272
21261
21300
21324
21313
21340
21262
21288
21338
21268
21291
21295
21310
21292
21314
21255
21260
21292
21228
21247
21281
21229
21336
21292
21312
21330
21340
21276
21305
21325
21267
21315
21283
21330
21348
21414
21321
21326
21321
21269
21277
21285
21229
21245
21250
21256
21276
21286
21282
21248
21305
21313
21271
21245
21258
21270
21292
21269
21270
21183
21256
21247
21253
21254
21230
21264
21267
21315
21246
21259
21256
21220
21260
21253
21268
21282
21228
21286
21291
21264
21304
21260
21237
21260
21281
21266
21238
21228
21240
21249
21273
21226
21283
21272
21271
21265
21265
21247
21291
21245
21254
21330
21247
21203
21256
21219
21232
21249
21236
21241
21309
21200
21209
21225
21208
21246
21166
21186
21264
21201
21196
21252
21264
21234
21236
21273
21250
21271
21210
21201
21204
21244
21256
21210
21254
21245
21152
21221
21210
21219
21161
21217
21186
21153
21267
21167
21275
21209
21198
21223
21266
21250
21280
21267
21281
21251
21230
21270
21209
21199
21228
21189
21218
21206
21240
21218
21172
21164
21194
21221
21206
21243
21188
21115
21142
21195
21187
21189
21190
21180
21203
21258
21241
21255
21264
21277
21238
21211
21257
21253
21223
21275
21196
21244
21284
21285
21259
21238
21228
21198
21270
21239
21258
21188
21209
21208
21162
21190
21274
21273
21205
21212
21202
21178
21157
21279
21228
21315
21311
21250
21228
21237
21208
21203
21284
21258
21281
21194
21226
21184
21215
21213
21189
21257
21211
21238
21248
21243
21219
21217
21222
21194
21211
